Episode	Moves	WorldGenSeed: 1179605695
1	18	14
2	5	2
3	18	14
4	5	2
5	7	6
6	3	2
7	9	8
8	41	40
9	6	4
10	19	16
11	2	0
12	16	14
13	37	36
14	13	12
15	11	10
16	30	28
17	1	0
18	5	2
19	10	6
20	3	0
21	36	32
22	19	16
23	36	34
24	13	10
25	10	6
26	5	2
27	4	2
28	5	2
29	1	0
30	15	14
31	6	4
32	19	18
33	9	8
34	16	14
35	4	2
36	3	2
37	18	14
38	1	0
39	21	20
40	23	22
41	2	0
42	7	4
43	2	0
44	9	6
45	9	6
46	6	4
47	2	0
48	10	8
49	5	2
50	41	40
51	1	0
52	4	2
53	15	14
54	16	14
55	2	0
56	11	10
57	1	0
58	25	22
59	1	0
60	25	22
61	4	2
62	3	0
63	7	6
64	3	0
65	21	18
66	4	2
67	32	30
68	11	10
69	28	26
70	8	6
71	30	28
72	6	4
73	12	10
74	1	0
75	10	8
76	8	6
77	9	6
78	7	4
79	7	6
80	14	10
81	14	10
82	1	0
83	6	4
84	1	0
85	19	18
86	7	4
87	20	18
88	1	0
89	3	0
90	13	10
91	43	42
92	1	0
93	7	4
94	3	0
95	4	2
96	5	4
97	6	4
98	22	20
99	16	12
100	1	0
101	10	8
102	3	2
103	3	2
104	4	2
105	10	8
106	2	0
107	1	0
108	6	4
109	10	8
110	8	6
111	10	8
112	3	0
113	1	0
114	7	6
115	3	2
116	5	4
117	3	0
118	1	0
119	1	0
120	3	2
121	3	0
122	2	0
123	1	0
124	3	2
125	5	2
126	2	0
127	1	0
128	3	0
129	8	6
130	1	0
131	13	10
132	5	4
133	1	0
134	10	6
135	8	6
136	1	0
137	2	0
138	1	0
139	11	10
140	6	2
141	1	0
142	3	2
143	1	0
144	18	16
145	15	12
146	4	2
147	6	4
148	13	12
149	3	0
150	1	0
151	7	4
152	40	36
153	4	0
154	7	6
155	7	4
156	16	14
157	1	0
158	6	2
159	2	0
160	10	6
161	2	0
162	3	0
163	2	0
164	1	0
165	12	8
166	2	0
167	1	0
168	1	0
169	1	0
170	2	0
171	1	0
172	5	2
173	1	0
174	1	0
175	2	0
176	1	0
177	1	0
178	2	0
179	7	4
180	2	0
181	4	2
182	4	2
183	7	4
184	7	4
185	5	2
186	7	4
187	12	10
188	3	2
189	2	0
190	13	12
191	4	2
192	6	4
193	12	10
194	1	0
195	2	0
196	5	2
197	3	0
198	2	0
199	2	0
200	1	0
201	5	2
202	4	2
203	3	2
204	1	0
205	1	0
206	1	0
207	5	4
208	1	0
209	1	0
210	2	0
211	3	0
212	6	4
213	3	0
214	1	0
215	4	2
216	3	0
217	7	4
218	2	0
219	4	2
220	10	8
221	1	0
222	6	4
223	8	6
224	1	0
225	4	2
226	3	0
227	5	2
228	2	0
229	4	2
230	5	4
231	1	0
232	1	0
233	4	2
234	4	0
235	2	0
236	4	2
237	5	2
238	7	4
239	1	0
240	1	0
241	29	28
242	2	0
243	2	0
244	5	2
245	2	0
246	7	4
247	2	0
248	4	2
249	4	2
250	3	0
251	4	2
252	2	0
253	2	0
254	5	2
255	1	0
256	4	0
257	3	2
258	1	0
259	2	0
260	1	0
261	7	4
262	6	4
263	6	4
264	5	2
265	6	4
266	5	4
267	3	2
268	18	14
269	2	0
270	1	0
271	8	6
272	2	0
273	1	0
274	1	0
275	11	10
276	2	0
277	7	4
278	4	2
279	9	6
280	11	10
281	2	0
282	5	2
283	2	0
284	2	0
285	3	0
286	7	6
287	1	0
288	13	10
289	4	2
290	3	2
291	2	0
292	5	2
293	6	4
294	2	0
295	1	0
296	2	0
297	5	2
298	1	0
299	3	0
300	2	0
301	1	0
302	4	2
303	2	0
304	4	2
305	3	2
306	1	0
307	2	0
308	1	0
309	4	2
310	2	0
311	3	2
312	3	0
313	1	0
314	1	0
315	4	0
316	1	0
317	3	0
318	4	2
319	6	4
320	5	2
321	2	0
322	1	0
323	2	0
324	2	0
325	6	2
326	2	0
327	5	2
328	1	0
329	4	2
330	4	0
331	8	4
332	3	0
333	7	4
334	2	0
335	4	2
336	1	0
337	2	0
338	2	0
339	3	0
340	3	0
341	1	0
342	1	0
343	4	2
344	1	0
345	6	4
346	3	0
347	1	0
348	13	12
349	3	0
350	1	0
351	1	0
352	1	0
353	2	0
354	1	0
355	2	0
356	4	2
357	5	2
358	1	0
359	1	0
360	2	0
361	2	0
362	6	4
363	3	0
364	2	0
365	1	0
366	2	0
367	3	2
368	1	0
369	3	0
370	3	0
371	1	0
372	2	0
373	2	0
374	3	2
375	3	0
376	3	0
377	2	0
378	5	4
379	1	0
380	1	0
381	1	0
382	1	0
383	3	0
384	1	0
385	1	0
386	4	2
387	1	0
388	4	0
389	2	0
390	2	0
391	2	0
392	4	2
393	1	0
394	1	0
395	1	0
396	1	0
397	2	0
398	2	0
399	1	0
400	9	6
401	2	0
402	2	0
403	1	0
404	2	0
405	2	0
406	2	0
407	2	0
408	3	0
409	1	0
410	2	0
411	2	0
412	1	0
413	1	0
414	2	0
415	1	0
416	2	0
417	2	0
418	2	0
419	2	0
420	1	0
421	1	0
422	3	2
423	4	2
424	2	0
425	1	0
426	1	0
427	5	2
428	3	0
429	1	0
430	1	0
431	3	0
432	1	0
433	2	0
434	2	0
435	2	0
436	2	0
437	3	0
438	1	0
439	1	0
440	2	0
441	3	0
442	2	0
443	2	0
444	3	0
445	3	0
446	1	0
447	2	0
448	4	0
449	1	0
450	2	0
451	1	0
452	3	2
453	1	0
454	1	0
455	3	0
456	3	0
457	2	0
458	5	2
459	2	0
460	1	0
461	2	0
462	3	0
463	1	0
464	5	2
465	3	0
466	2	0
467	2	0
468	6	4
469	1	0
470	2	0
471	2	0
472	1	0
473	4	0
474	4	0
475	4	0
476	2	0
477	1	0
478	2	0
479	1	0
480	2	0
481	2	0
482	2	0
483	2	0
484	3	0
485	2	0
486	2	0
487	1	0
488	3	0
489	1	0
490	1	0
491	3	0
492	1	0
493	2	0
494	3	0
495	1	0
496	3	0
497	2	0
498	2	0
499	1	0
500	2	0
501	3	0
502	2	0
503	2	0
504	2	0
505	1	0
506	2	0
507	3	0
508	4	0
509	2	0
510	2	0
511	2	0
512	2	0
513	2	0
514	2	0
515	2	0
516	2	0
517	3	0
518	1	0
519	1	0
520	3	0
521	1	0
522	1	0
523	2	0
524	3	0
525	2	0
526	2	0
527	2	0
528	1	0
529	4	0
530	4	0
531	3	0
532	3	0
533	3	0
534	1	0
535	1	0
536	2	0
537	1	0
538	2	0
539	2	0
540	2	0
541	2	0
542	3	0
543	1	0
544	3	0
545	3	0
546	3	0
547	2	0
548	2	0
549	2	0
550	1	0
551	1	0
552	2	0
553	1	0
554	1	0
555	1	0
556	2	0
557	2	0
558	2	0
559	2	0
560	1	0
561	2	0
562	3	0
563	1	0
564	2	0
565	1	0
566	2	0
567	2	0
568	3	0
569	3	0
570	2	0
571	3	0
572	3	0
573	2	0
574	1	0
575	2	0
576	1	0
577	2	0
578	1	0
579	1	0
580	1	0
581	1	0
582	2	0
583	3	0
584	2	0
585	2	0
586	1	0
587	1	0
588	1	0
589	1	0
590	3	0
591	2	0
592	2	0
593	1	0
594	3	0
595	1	0
596	1	0
597	1	0
598	1	0
599	3	0
600	3	0
601	3	0
602	2	0
603	1	0
604	3	0
605	1	0
606	2	0
607	3	0
608	3	0
609	1	0
610	2	0
611	1	0
612	2	0
613	2	0
614	3	0
615	2	0
616	2	0
617	3	0
618	2	0
619	2	0
620	3	0
621	3	0
622	2	0
623	2	0
624	4	0
625	2	0
626	2	0
627	3	0
628	2	0
629	2	0
630	2	0
631	3	0
632	3	0
633	2	0
634	2	0
635	1	0
636	1	0
637	4	0
638	1	0
639	2	0
640	2	0
641	1	0
642	1	0
643	1	0
644	1	0
645	2	0
646	3	0
647	1	0
648	1	0
649	1	0
650	2	0
651	3	0
652	2	0
653	3	0
654	2	0
655	3	0
656	2	0
657	4	0
658	2	0
659	1	0
660	1	0
661	1	0
662	1	0
663	3	0
664	2	0
665	1	0
666	1	0
667	3	0
668	2	0
669	3	0
670	2	0
671	2	0
672	2	0
673	1	0
674	2	0
675	2	0
676	2	0
677	3	0
678	1	0
679	2	0
680	1	0
681	2	0
682	1	0
683	2	0
684	3	0
685	1	0
686	4	0
687	2	0
688	3	0
689	1	0
690	2	0
691	1	0
692	3	0
693	2	0
694	1	0
695	2	0
696	2	0
697	3	0
698	2	0
699	3	0
700	1	0
701	3	0
702	2	0
703	2	0
704	2	0
705	4	0
706	2	0
707	1	0
708	1	0
709	4	0
710	1	0
711	3	0
712	1	0
713	1	0
714	4	0
715	1	0
716	2	0
717	3	0
718	1	0
719	1	0
720	1	0
721	1	0
722	2	0
723	1	0
724	1	0
725	4	0
726	1	0
727	3	0
728	1	0
729	2	0
730	3	0
731	1	0
732	2	0
733	3	0
734	2	0
735	4	0
736	1	0
737	1	0
738	3	0
739	1	0
740	2	0
741	4	0
742	1	0
743	2	0
744	2	0
745	2	0
746	3	0
747	1	0
748	2	0
749	2	0
750	3	0
751	1	0
752	1	0
753	3	0
754	3	0
755	1	0
756	3	0
757	1	0
758	1	0
759	1	0
760	2	0
761	2	0
762	2	0
763	3	0
764	2	0
765	1	0
766	2	0
767	3	0
768	2	0
769	2	0
770	2	0
771	4	0
772	1	0
773	1	0
774	1	0
775	2	0
776	2	0
777	2	0
778	2	0
779	2	0
780	3	0
781	2	0
782	2	0
783	1	0
784	2	0
785	3	0
786	2	0
787	2	0
788	2	0
789	3	0
790	1	0
791	1	0
792	1	0
793	1	0
794	3	0
795	1	0
796	1	0
797	1	0
798	2	0
799	3	0
800	2	0
801	1	0
802	2	0
803	1	0
804	2	0
805	1	0
806	3	0
807	3	0
808	3	0
809	1	0
810	3	0
811	1	0
812	1	0
813	1	0
814	2	0
815	2	0
816	2	0
817	1	0
818	2	0
819	3	0
820	2	0
821	1	0
822	3	0
823	3	0
824	1	0
825	3	0
826	1	0
827	1	0
828	2	0
829	1	0
830	4	0
831	3	0
832	3	0
833	1	0
834	4	0
835	2	0
836	3	0
837	2	0
838	1	0
839	2	0
840	3	0
841	3	0
842	3	0
843	4	0
844	1	0
845	2	0
846	4	0
847	1	0
848	1	0
849	2	0
850	1	0
851	1	0
852	2	0
853	2	0
854	2	0
855	3	0
856	3	0
857	3	0
858	1	0
859	2	0
860	3	0
861	3	0
862	2	0
863	2	0
864	2	0
865	2	0
866	4	0
867	3	0
868	1	0
869	2	0
870	3	0
871	2	0
872	3	0
873	1	0
874	1	0
875	3	0
876	2	0
877	2	0
878	3	0
879	2	0
880	3	0
881	1	0
882	1	0
883	3	0
884	1	0
885	2	0
886	3	0
887	1	0
888	1	0
889	2	0
890	2	0
891	1	0
892	1	0
893	2	0
894	1	0
895	2	0
896	2	0
897	2	0
898	3	0
899	2	0
900	2	0
901	2	0
902	4	0
903	2	0
904	2	0
905	2	0
906	2	0
907	2	0
908	2	0
909	2	0
910	1	0
911	1	0
912	3	0
913	3	0
914	2	0
915	1	0
916	1	0
917	1	0
918	2	0
919	2	0
920	1	0
921	2	0
922	1	0
923	1	0
924	1	0
925	2	0
926	4	0
927	3	0
928	1	0
929	1	0
930	3	0
931	2	0
932	3	0
933	4	0
934	1	0
935	4	0
936	3	0
937	1	0
938	1	0
939	2	0
940	2	0
941	1	0
942	1	0
943	1	0
944	1	0
945	3	0
946	2	0
947	3	0
948	3	0
949	3	0
950	3	0
951	3	0
952	1	0
953	2	0
954	1	0
955	3	0
956	4	0
957	2	0
958	2	0
959	3	0
960	3	0
961	2	0
962	2	0
963	3	0
964	2	0
965	2	0
966	1	0
967	1	0
968	4	0
969	3	0
970	2	0
971	3	0
972	2	0
973	2	0
974	1	0
975	2	0
976	1	0
977	2	0
978	1	0
979	1	0
980	1	0
981	2	0
982	4	0
983	2	0
984	1	0
985	1	0
986	3	0
987	2	0
988	2	0
989	2	0
990	1	0
991	1	0
992	3	0
993	2	0
994	2	0
995	2	0
996	1	0
997	3	0
998	3	0
999	2	0
1000	1	0
1001	1	0
1002	3	0
1003	2	0
1004	1	0
1005	2	0
1006	1	0
1007	1	0
1008	2	0
1009	2	0
1010	3	0
1011	1	0
1012	3	0
1013	2	0
1014	3	0
1015	2	0
1016	3	0
1017	1	0
1018	2	0
1019	3	0
1020	3	0
1021	2	0
1022	3	0
1023	1	0
1024	3	0
1025	1	0
1026	2	0
1027	3	0
1028	1	0
1029	3	0
1030	2	0
1031	2	0
1032	2	0
1033	1	0
1034	2	0
1035	2	0
1036	2	0
1037	2	0
1038	2	0
1039	1	0
1040	1	0
1041	1	0
1042	3	0
1043	3	0
1044	2	0
1045	2	0
1046	1	0
1047	2	0
1048	2	0
1049	3	0
1050	2	0
1051	3	0
1052	1	0
1053	1	0
1054	1	0
1055	2	0
1056	1	0
1057	4	0
1058	4	0
1059	3	0
1060	1	0
1061	2	0
1062	1	0
1063	2	0
1064	4	0
1065	2	0
1066	3	0
1067	2	0
1068	3	0
1069	1	0
1070	3	0
1071	2	0
1072	2	0
1073	1	0
1074	1	0
1075	3	0
1076	1	0
1077	3	0
1078	1	0
1079	1	0
1080	1	0
1081	1	0
1082	1	0
1083	3	0
1084	2	0
1085	2	0
1086	1	0
1087	1	0
1088	2	0
1089	1	0
1090	3	0
1091	2	0
1092	2	0
1093	2	0
1094	3	0
1095	1	0
1096	1	0
1097	1	0
1098	1	0
1099	1	0
1100	2	0
1101	4	0
1102	3	0
1103	2	0
1104	1	0
1105	3	0
1106	2	0
1107	2	0
1108	1	0
1109	1	0
1110	2	0
1111	2	0
1112	3	0
1113	2	0
1114	3	0
1115	3	0
1116	3	0
1117	1	0
1118	1	0
1119	1	0
1120	2	0
1121	2	0
1122	3	0
1123	2	0
1124	1	0
1125	2	0
1126	4	0
1127	1	0
1128	1	0
1129	1	0
1130	2	0
1131	4	0
1132	1	0
1133	2	0
1134	3	0
1135	2	0
1136	3	0
1137	2	0
1138	2	0
1139	2	0
1140	3	0
1141	2	0
1142	1	0
1143	2	0
1144	3	0
1145	2	0
1146	2	0
1147	2	0
1148	2	0
1149	3	0
1150	1	0
1151	2	0
1152	4	0
1153	3	0
1154	1	0
1155	2	0
1156	1	0
1157	2	0
1158	2	0
1159	1	0
1160	1	0
1161	4	0
1162	1	0
1163	1	0
1164	1	0
1165	3	0
1166	2	0
1167	3	0
1168	1	0
1169	2	0
1170	1	0
1171	2	0
1172	2	0
1173	1	0
1174	2	0
1175	2	0
1176	1	0
1177	2	0
1178	2	0
1179	1	0
1180	4	0
1181	2	0
1182	2	0
1183	2	0
1184	2	0
1185	2	0
1186	1	0
1187	2	0
1188	1	0
1189	1	0
1190	4	0
1191	1	0
1192	2	0
1193	3	0
1194	2	0
1195	1	0
1196	3	0
1197	4	0
1198	2	0
1199	1	0
1200	2	0
1201	2	0
1202	2	0
1203	2	0
1204	2	0
1205	2	0
1206	1	0
1207	4	0
1208	4	0
1209	1	0
1210	2	0
1211	3	0
1212	2	0
1213	1	0
1214	1	0
1215	2	0
1216	2	0
1217	1	0
1218	2	0
1219	2	0
1220	1	0
1221	2	0
1222	2	0
1223	2	0
1224	3	0
1225	3	0
1226	3	0
1227	4	0
1228	2	0
1229	2	0
1230	3	0
1231	2	0
1232	3	0
1233	1	0
1234	1	0
1235	1	0
1236	1	0
1237	1	0
1238	2	0
1239	1	0
1240	1	0
1241	2	0
1242	2	0
1243	2	0
1244	3	0
1245	2	0
1246	3	0
1247	1	0
1248	3	0
1249	3	0
1250	2	0
1251	2	0
1252	3	0
1253	2	0
1254	4	0
1255	4	0
1256	4	0
1257	3	0
1258	3	0
1259	1	0
1260	3	0
1261	2	0
1262	1	0
1263	3	0
1264	1	0
1265	3	0
1266	3	0
1267	1	0
1268	3	0
1269	2	0
1270	3	0
1271	1	0
1272	4	0
1273	3	0
1274	1	0
1275	3	0
1276	2	0
1277	2	0
1278	2	0
1279	3	0
1280	2	0
1281	3	0
1282	2	0
1283	4	0
1284	2	0
1285	2	0
1286	2	0
1287	4	0
1288	2	0
1289	2	0
1290	2	0
1291	1	0
1292	3	0
1293	1	0
1294	3	0
1295	4	0
1296	3	0
1297	1	0
1298	1	0
1299	3	0
1300	4	0
1301	3	0
1302	1	0
1303	3	0
1304	1	0
1305	2	0
1306	2	0
1307	1	0
1308	1	0
1309	3	0
1310	1	0
1311	3	0
1312	3	0
1313	1	0
1314	3	0
1315	1	0
1316	2	0
1317	2	0
1318	1	0
1319	2	0
1320	2	0
1321	3	0
1322	3	0
1323	3	0
1324	1	0
1325	3	0
1326	2	0
1327	2	0
1328	1	0
1329	2	0
1330	2	0
1331	1	0
1332	2	0
1333	3	0
1334	4	0
1335	1	0
1336	2	0
1337	2	0
1338	3	0
1339	1	0
1340	3	0
1341	1	0
1342	3	0
1343	3	0
1344	3	0
1345	2	0
1346	1	0
1347	4	0
1348	3	0
1349	3	0
1350	1	0
1351	2	0
1352	3	0
1353	3	0
1354	4	0
1355	1	0
1356	2	0
1357	2	0
1358	3	0
1359	1	0
1360	1	0
1361	2	0
1362	1	0
1363	2	0
1364	3	0
1365	2	0
1366	1	0
1367	1	0
1368	1	0
1369	1	0
1370	3	0
1371	2	0
1372	1	0
1373	2	0
1374	3	0
1375	1	0
1376	2	0
1377	2	0
1378	3	0
1379	3	0
1380	2	0
1381	2	0
1382	4	0
1383	2	0
1384	1	0
1385	3	0
1386	2	0
1387	1	0
1388	2	0
1389	2	0
1390	1	0
1391	1	0
1392	2	0
1393	3	0
1394	2	0
1395	2	0
1396	2	0
1397	2	0
1398	2	0
1399	2	0
1400	2	0
1401	1	0
1402	1	0
1403	1	0
1404	2	0
1405	2	0
1406	2	0
1407	1	0
1408	1	0
1409	2	0
1410	3	0
1411	1	0
1412	3	0
1413	3	0
1414	3	0
1415	4	0
1416	2	0
1417	3	0
1418	1	0
1419	1	0
1420	2	0
1421	1	0
1422	3	0
1423	2	0
1424	2	0
1425	1	0
1426	1	0
1427	1	0
1428	1	0
1429	3	0
1430	2	0
1431	2	0
1432	2	0
1433	1	0
1434	1	0
1435	2	0
1436	3	0
1437	1	0
1438	1	0
1439	1	0
1440	2	0
1441	2	0
1442	3	0
1443	2	0
1444	3	0
1445	3	0
1446	1	0
1447	1	0
1448	2	0
1449	2	0
1450	2	0
1451	1	0
1452	2	0
1453	3	0
1454	2	0
1455	3	0
1456	1	0
1457	3	0
1458	1	0
1459	1	0
1460	2	0
1461	1	0
1462	1	0
1463	3	0
1464	2	0
1465	3	0
1466	2	0
1467	2	0
1468	3	0
1469	1	0
1470	3	0
1471	2	0
1472	1	0
1473	1	0
1474	1	0
1475	2	0
1476	1	0
1477	3	0
1478	3	0
1479	4	0
1480	3	0
1481	3	0
1482	1	0
1483	2	0
1484	1	0
1485	1	0
1486	1	0
1487	1	0
1488	3	0
1489	2	0
1490	1	0
1491	1	0
1492	1	0
1493	1	0
1494	2	0
1495	4	0
1496	4	0
1497	2	0
1498	2	0
1499	2	0
1500	1	0
1501	1	0
1502	3	0
1503	2	0
1504	2	0
1505	1	0
1506	2	0
1507	1	0
1508	2	0
1509	1	0
1510	4	0
1511	2	0
1512	2	0
1513	4	0
1514	2	0
1515	2	0
1516	1	0
1517	1	0
1518	1	0
1519	2	0
1520	1	0
1521	1	0
1522	1	0
1523	2	0
1524	3	0
1525	2	0
1526	2	0
1527	2	0
1528	4	0
1529	1	0
1530	1	0
1531	2	0
1532	1	0
1533	2	0
1534	3	0
1535	2	0
1536	4	0
1537	1	0
1538	3	0
1539	4	0
1540	1	0
1541	2	0
1542	4	0
1543	3	0
1544	1	0
1545	3	0
1546	3	0
1547	2	0
1548	1	0
1549	2	0
1550	2	0
1551	1	0
1552	2	0
1553	2	0
1554	3	0
1555	2	0
1556	3	0
1557	2	0
1558	2	0
1559	2	0
1560	2	0
1561	1	0
1562	1	0
1563	1	0
1564	2	0
1565	3	0
1566	2	0
1567	3	0
1568	2	0
1569	3	0
1570	2	0
1571	2	0
1572	2	0
1573	3	0
1574	1	0
1575	2	0
1576	1	0
1577	2	0
1578	2	0
1579	4	0
1580	2	0
1581	2	0
1582	3	0
1583	1	0
1584	2	0
1585	1	0
1586	2	0
1587	2	0
1588	2	0
1589	3	0
1590	2	0
1591	1	0
1592	1	0
1593	1	0
1594	3	0
1595	3	0
1596	2	0
1597	1	0
1598	2	0
1599	3	0
1600	2	0
1601	1	0
1602	1	0
1603	3	0
1604	3	0
1605	2	0
1606	4	0
1607	2	0
1608	3	0
1609	1	0
1610	2	0
1611	2	0
1612	2	0
1613	3	0
1614	2	0
1615	2	0
1616	2	0
1617	1	0
1618	2	0
1619	3	0
1620	1	0
1621	2	0
1622	2	0
1623	3	0
1624	3	0
1625	2	0
1626	1	0
1627	2	0
1628	1	0
1629	1	0
1630	1	0
1631	1	0
1632	2	0
1633	2	0
1634	3	0
1635	1	0
1636	2	0
1637	1	0
1638	2	0
1639	2	0
1640	3	0
1641	3	0
1642	2	0
1643	1	0
1644	3	0
1645	1	0
1646	1	0
1647	1	0
1648	2	0
1649	3	0
1650	4	0
1651	1	0
1652	1	0
1653	1	0
1654	3	0
1655	2	0
1656	2	0
1657	2	0
1658	2	0
1659	3	0
1660	2	0
1661	2	0
1662	3	0
1663	2	0
1664	2	0
1665	2	0
1666	1	0
1667	3	0
1668	3	0
1669	1	0
1670	1	0
1671	1	0
1672	3	0
1673	2	0
1674	2	0
1675	1	0
1676	1	0
1677	2	0
1678	1	0
1679	2	0
1680	1	0
1681	2	0
1682	1	0
1683	4	0
1684	2	0
1685	2	0
1686	2	0
1687	2	0
1688	3	0
1689	2	0
1690	2	0
1691	3	0
1692	1	0
1693	2	0
1694	2	0
1695	2	0
1696	3	0
1697	4	0
1698	3	0
1699	1	0
1700	2	0
1701	3	0
1702	1	0
1703	3	0
1704	2	0
1705	1	0
1706	2	0
1707	3	0
1708	1	0
1709	2	0
1710	2	0
1711	2	0
1712	1	0
1713	2	0
1714	1	0
1715	1	0
1716	4	0
1717	3	0
1718	2	0
1719	1	0
1720	3	0
1721	2	0
1722	2	0
1723	3	0
1724	1	0
1725	2	0
1726	2	0
1727	2	0
1728	3	0
1729	2	0
1730	2	0
1731	4	0
1732	2	0
1733	1	0
1734	1	0
1735	2	0
1736	3	0
1737	3	0
1738	3	0
1739	2	0
1740	1	0
1741	1	0
1742	2	0
1743	2	0
1744	2	0
1745	3	0
1746	2	0
1747	2	0
1748	3	0
1749	3	0
1750	1	0
1751	2	0
1752	2	0
1753	1	0
1754	1	0
1755	1	0
1756	4	0
1757	1	0
1758	2	0
1759	3	0
1760	3	0
1761	1	0
1762	1	0
1763	4	0
1764	2	0
1765	3	0
1766	2	0
1767	2	0
1768	1	0
1769	3	0
1770	1	0
1771	4	0
1772	1	0
1773	2	0
1774	2	0
1775	3	0
1776	3	0
1777	2	0
1778	1	0
1779	3	0
1780	2	0
1781	3	0
1782	2	0
1783	3	0
1784	2	0
1785	1	0
1786	1	0
1787	1	0
1788	4	0
1789	3	0
1790	2	0
1791	1	0
1792	1	0
1793	3	0
1794	3	0
1795	1	0
1796	1	0
1797	2	0
1798	3	0
1799	1	0
1800	2	0
1801	1	0
1802	1	0
1803	3	0
1804	2	0
1805	1	0
1806	2	0
1807	2	0
1808	3	0
1809	3	0
1810	4	0
1811	1	0
1812	2	0
1813	2	0
1814	1	0
1815	3	0
1816	2	0
1817	2	0
1818	3	0
1819	2	0
1820	1	0
1821	1	0
1822	1	0
1823	2	0
1824	2	0
1825	2	0
1826	3	0
1827	3	0
1828	4	0
1829	2	0
1830	2	0
1831	2	0
1832	1	0
1833	1	0
1834	2	0
1835	1	0
1836	1	0
1837	2	0
1838	1	0
1839	2	0
1840	1	0
1841	1	0
1842	2	0
1843	1	0
1844	1	0
1845	1	0
1846	2	0
1847	3	0
1848	3	0
1849	2	0
1850	2	0
1851	2	0
1852	1	0
1853	2	0
1854	1	0
1855	1	0
1856	2	0
1857	2	0
1858	2	0
1859	2	0
1860	1	0
1861	1	0
1862	2	0
1863	2	0
1864	1	0
1865	1	0
1866	1	0
1867	2	0
1868	3	0
1869	2	0
1870	2	0
1871	1	0
1872	2	0
1873	1	0
1874	1	0
1875	2	0
1876	2	0
1877	3	0
1878	3	0
1879	3	0
1880	3	0
1881	2	0
1882	3	0
1883	2	0
1884	2	0
1885	1	0
1886	1	0
1887	3	0
1888	2	0
1889	1	0
1890	2	0
1891	3	0
1892	2	0
1893	3	0
1894	1	0
1895	2	0
1896	1	0
1897	1	0
1898	1	0
1899	3	0
1900	2	0
1901	3	0
1902	4	0
1903	2	0
1904	3	0
1905	2	0
1906	2	0
1907	2	0
1908	2	0
1909	3	0
1910	1	0
1911	3	0
1912	2	0
1913	1	0
1914	2	0
1915	2	0
1916	4	0
1917	1	0
1918	2	0
1919	3	0
1920	2	0
1921	1	0
1922	1	0
1923	2	0
1924	1	0
1925	3	0
1926	2	0
1927	1	0
1928	2	0
1929	2	0
1930	2	0
1931	2	0
1932	2	0
1933	1	0
1934	2	0
1935	2	0
1936	2	0
1937	1	0
1938	2	0
1939	2	0
1940	3	0
1941	2	0
1942	1	0
1943	4	0
1944	1	0
1945	1	0
1946	1	0
1947	1	0
1948	1	0
1949	2	0
1950	1	0
1951	2	0
1952	1	0
1953	2	0
1954	2	0
1955	2	0
1956	1	0
1957	2	0
1958	1	0
1959	2	0
1960	3	0
1961	2	0
1962	2	0
1963	3	0
1964	2	0
1965	1	0
1966	2	0
1967	2	0
1968	4	0
1969	1	0
1970	1	0
1971	1	0
1972	1	0
1973	2	0
1974	2	0
1975	2	0
1976	1	0
1977	3	0
1978	2	0
1979	1	0
1980	2	0
1981	2	0
1982	1	0
1983	3	0
1984	3	0
1985	3	0
1986	3	0
1987	2	0
1988	2	0
1989	1	0
1990	2	0
1991	2	0
1992	1	0
1993	1	0
1994	2	0
1995	2	0
1996	2	0
1997	2	0
1998	3	0
1999	3	0
2000	3	0